[gd_scene load_steps=14 format=2]

[ext_resource path="res://models/hikers/hiker01/import/hiker01.glb" type="PackedScene" id=1]
[ext_resource path="res://models/hikers/hiker01/textures_and_materials/pants_shorts.tres" type="Material" id=2]
[ext_resource path="res://models/hikers/hiker01/import/HikerSkinMat_001.material" type="Material" id=3]
[ext_resource path="res://models/hikers/hiker01/textures_and_materials/shirt_bigfoot.tres" type="Material" id=4]
[ext_resource path="res://models/hikers/hiker01/textures_and_materials/hiker01_eyes.tres" type="Material" id=5]
[ext_resource path="res://models/hikers/hiker01/textures_and_materials/pants_jeans.tres" type="Material" id=6]
[ext_resource path="res://models/hikers/hiker01/textures_and_materials/skin_light.tres" type="Material" id=7]
[ext_resource path="res://models/hikers/hiker01/hair/hiker01_hair_mohawk.mesh" type="ArrayMesh" id=8]
[ext_resource path="res://models/hikers/hiker01/hair/HikerHairMat.material" type="Material" id=9]
[ext_resource path="res://models/hikers/hiker01/hair/hiker01_hair_hair.mesh" type="ArrayMesh" id=10]
[ext_resource path="res://models/hikers/hiker01/hair/hiker01_hair_eyebrows.mesh" type="ArrayMesh" id=11]
[ext_resource path="res://models/hikers/hiker01/hair/hiker01_hair_thin_eyebrows.mesh" type="ArrayMesh" id=12]
[ext_resource path="res://models/hikers/hiker01/hair/hiker01_hair_pony_tail.mesh" type="ArrayMesh" id=13]

[node name="hiker" instance=ExtResource( 1 )]

[node name="Skeleton" parent="Armature" index="0"]
bones/5/bound_children = [ NodePath("BoneAttachmentHair") ]

[node name="Body" parent="Armature/Skeleton" index="0"]
material/0 = ExtResource( 7 )

[node name="Ears" parent="Armature/Skeleton" index="1"]
material/0 = ExtResource( 7 )

[node name="Eyes" parent="Armature/Skeleton" index="2"]
material/0 = ExtResource( 5 )

[node name="MainHead" parent="Armature/Skeleton" index="3"]
material/0 = ExtResource( 3 )

[node name="MainHead2" parent="Armature/Skeleton" index="4"]
visible = false
material/0 = ExtResource( 3 )

[node name="Pant" parent="Armature/Skeleton" index="5"]
visible = false
material/0 = ExtResource( 6 )

[node name="Shirt" parent="Armature/Skeleton" index="6"]
material/0 = ExtResource( 4 )

[node name="Shorts" parent="Armature/Skeleton" index="7"]
material/0 = ExtResource( 2 )

[node name="BoneAttachmentHair" type="BoneAttachment" parent="Armature/Skeleton" index="8"]
transform = Transform( 0.999253, -0.0370417, 0.0109785, 0.0376491, 0.997393, -0.0615549, -0.0086697, 0.0619223, 0.998043, 0.00531044, 1.40955, 0.0815161 )
bone_name = "Head"

[node name="eyebrows" type="MeshInstance" parent="Armature/Skeleton/BoneAttachmentHair" index="0"]
transform = Transform( 0.999125, 0.019246, 0.0372088, -0.0186589, 0.999698, -0.016063, -0.0375067, 0.0153548, 0.999182, -0.0316927, -1.43496, 0.0425092 )
mesh = ExtResource( 11 )
material/0 = ExtResource( 9 )

[node name="eyebrows2" type="MeshInstance" parent="Armature/Skeleton/BoneAttachmentHair" index="1"]
transform = Transform( 0.999125, 0.019246, 0.0372088, -0.0186589, 0.999698, -0.016063, -0.0375067, 0.0153548, 0.999182, -0.0316927, -1.43496, 0.0425092 )
visible = false
mesh = ExtResource( 12 )
material/0 = ExtResource( 9 )

[node name="mohawk" type="MeshInstance" parent="Armature/Skeleton/BoneAttachmentHair" index="2"]
transform = Transform( 0.999123, 0.019246, 0.0372088, -0.0186589, 0.999697, -0.0160629, -0.0375066, 0.0153544, 0.999179, -0.0320021, -1.44072, 0.0378766 )
visible = false
mesh = ExtResource( 8 )
material/0 = ExtResource( 9 )

[node name="pony_tail" type="MeshInstance" parent="Armature/Skeleton/BoneAttachmentHair" index="3"]
transform = Transform( 0.999123, 0.019246, 0.0372088, -0.0186589, 0.999697, -0.0160629, -0.0375066, 0.0153544, 0.999179, -0.0320021, -1.44072, 0.0378766 )
visible = false
mesh = ExtResource( 13 )
material/0 = ExtResource( 9 )

[node name="short_hair" type="MeshInstance" parent="Armature/Skeleton/BoneAttachmentHair" index="4"]
transform = Transform( 0.999123, 0.019246, 0.0372088, -0.0186589, 0.999697, -0.0160629, -0.0375066, 0.0153544, 0.999179, -0.0320021, -1.44072, 0.0378766 )
mesh = ExtResource( 10 )
material/0 = ExtResource( 9 )
